2
3
4
5
6
71
74
78
79
80
81
82
83
84
85
87
88
89
90
91
92
93
94
95
96
97
98
99
100
101
104
105
107
108
109
112
118
131
132
133
134
135
136
137
153
154
155
156
157
158
159
160
163
164
165
190
191
192
193
194
195
201
209
210
211
212
213
255
256
258
259
260
261
262
263
264
265
266
267
269
270
271
272
273
274
280
285
286
288
289
290
291
292
293
294
295
296
297
298
299
300
301
303
307
330
331
332
333
334
335
336
338
339
340
341
342
343
344
345
346
347
348
350
351
355
366
464
70
77
102
103
106
110
152
162
166
167
463
